Time	Iteration	AverageReward	StdRewards	MaxRewardRollout	MinRewardRollout	timesteps
49.688491106033325	10	6317.258995764362	20.08208317842938	6355.20724167403	6257.491044909376	573479
94.91802954673767	20	7891.359508225286	122.16128494399277	8416.16853542136	7617.047244900282	1139011
139.0151195526123	30	8077.445117106038	448.8380211164285	8633.208765639542	6093.976110090038	1703778
184.519282579422	40	8172.409175019815	156.18887489561223	8634.818209606588	7857.83947243624	2275514
228.95186948776245	50	8315.315015150223	890.8313824821884	10650.530268842589	4873.531706875274	2858021
273.9032323360443	60	8253.403541951222	962.8999243556141	9857.78922579135	5346.050465159273	3427795
318.8835096359253	70	9984.667361423071	1384.2022525935677	11598.700080728726	4530.723406266794	3993068
363.13361644744873	80	9959.79769511252	2083.870687182364	12323.675322805379	2955.6901138105586	4461266
408.0028462409973	90	11517.372755147084	691.967545736034	12542.423829529997	8160.041651761456	4973346
452.59021949768066	100	13060.227001223653	1124.515969978462	14432.388116749353	8875.927950197767	5556777
496.53299379348755	110	12498.252028358856	1958.973462631998	14630.293584520545	2904.0825141893592	6116146
540.3929727077484	120	13361.246210025354	1879.2943488445871	14769.095040502032	4642.866512776813	6713719
583.7634346485138	130	13045.03089649334	3137.209722924492	15465.497907014782	2394.010378786709	7304399
627.1328551769257	140	11469.767781406896	4842.21008357038	16042.12995289209	2194.33855621796	7888350
671.5727481842041	150	10728.738294477973	4776.235377195308	16163.504974313331	1765.8881320693326	8434167
715.0102689266205	160	11486.889746007459	4388.24839807263	15805.471882403685	2587.971573458564	9016754
759.705258846283	170	13388.27507847733	4283.027607413219	17222.30589970126	2440.0974270155657	9590608
803.9578738212585	180	15366.811974051452	1961.7229512797742	16917.798726194604	2714.4196997278746	10182316
848.2812650203705	190	15466.558445674586	1989.5348381926701	17251.61202958987	3385.911267784147	10781710
891.4291822910309	200	15279.741572122184	1917.8413763608958	17075.880911836906	4796.820501202139	11364459
937.6263918876648	210	15016.732487654794	3987.609178870472	17568.191516254214	2198.482621838558	11981169
982.2382848262787	220	15867.00396980565	2571.5771896850465	17579.528656788323	3553.933649595769	12568072
1025.2944395542145	230	15288.149214462013	3188.1340774572614	17345.431116599582	2853.9622651010973	13174052
1068.1563460826874	240	15265.086124717207	3942.203544923619	18114.151056423765	2716.254825271299	13768696
1111.0537595748901	250	15497.722144981673	2922.2651851296996	17536.066400518397	3453.625075512404	14359681
1154.0175302028656	260	12543.522373483293	5413.072664248674	17417.733050283932	2245.89784694332	14962283
1197.7721400260925	270	15682.205499045673	1688.4478886700904	17791.63905554101	6835.52537860471	15555011
1241.0591802597046	280	15441.38344559852	3106.5790307771804	17811.478796081825	3405.413217819156	16175897
1285.5299265384674	290	15985.364775282149	2953.361696063707	18610.907288019	3128.238772615145	16778703
1329.0730459690094	300	13624.749518137902	5419.0727698727915	18807.85757891762	1689.3081794286115	17375625
1373.6285495758057	310	16282.543350148022	3377.8924045695944	18947.076239898615	3325.0950682151597	17972004
1417.3759338855743	320	16669.67721909626	2805.7348017420545	18912.304114963223	2415.4511514668416	18578731
1461.6522414684296	330	16662.50916452724	3078.5314219373718	19662.094137918237	4167.665010096179	19180160
1504.6837186813354	340	16524.01912830212	2886.222257253313	19251.948008581036	2227.01132975023	19769406
1550.2913982868195	350	15845.656659895465	3351.098439207803	18957.759471963414	3817.4774500379694	20362884
1595.517550945282	360	16266.133147376266	2867.223873507845	19094.84171857817	4434.606295222486	20968671
1640.1153149604797	370	15734.07449061135	3385.050851395263	19336.893505811397	4265.080801462522	21564761
1685.2200696468353	380	15869.80979613515	2804.817840178334	18452.251270972592	3226.4380938387458	22173985
1729.6720607280731	390	16309.536579844738	2840.0876194211583	18831.465331963333	3142.8060861013846	22797695
1774.126004934311	400	16456.80985096298	2545.9034520580094	18741.615591960235	4320.04998187156	23420385
1818.1738812923431	410	16390.637878820096	3225.4071530202446	19573.662588019935	3175.277475236638	24044306
1862.8500504493713	420	16672.633253391134	2700.130448036169	19672.76119831482	4119.20386045142	24659914
1907.3621673583984	430	16745.413351253545	3333.7632424596322	19614.866964306915	4002.007718865473	25278815
1950.4605660438538	440	16511.899434016035	3331.607015035938	19624.10720126151	2631.8123832216675	25897699
1993.8975129127502	450	16165.974396187448	3541.6199673156275	20026.62903984368	4300.313970411901	26518210
2037.6186044216156	460	16877.34394130097	2200.0875593531496	19336.53891462454	7782.455924606127	27140527
2082.1563909053802	470	17469.985762834738	1955.4257052797918	19915.698283196984	8108.64359953818	27764550
2126.1656925678253	480	17214.076806510213	2289.626683880699	19674.22226045562	9134.62179397593	28385988
2170.318104982376	490	17445.457334592462	2675.8703898258527	19758.93277925117	4725.308764894409	29009015
2214.271597146988	500	17888.68632578964	2085.221010343315	20277.980386839066	4709.671615495547	29638792
2258.7767741680145	510	17833.253259181136	1996.5812770520351	20421.015321984818	9320.247389669728	30261111
2302.4723596572876	520	17582.191175998658	2711.0363189485265	20454.83120659987	8912.313575950498	30872736
2345.4793100357056	530	16758.249134080837	3603.0051633021394	20423.090565288654	2791.3901686038043	31492681
2388.810931444168	540	16607.505837861107	3461.854616114939	20089.72872853512	2231.927364959741	32119875
2433.773316383362	550	16163.610354813774	3658.369244777341	20846.82229285428	3075.687026051217	32746021
2478.2795453071594	560	16789.37202899154	3084.741319379966	20002.35792771375	4411.523476177956	33356054
2521.780971288681	570	16326.799268861909	3394.2888730998407	20435.82754250568	5905.759973053306	33985700
2566.011297225952	580	16714.763757006385	3304.462661614856	20008.495762723313	3175.831367453333	34605691
2610.0727808475494	590	17530.38522365534	3005.8676897410287	20217.926159285005	4579.4898485530075	35220731
2653.903753757477	600	16795.37261648661	3577.3438019267855	20205.012056736952	2984.5977043786133	35831972
2697.907876729965	610	17710.753370988863	2431.1646037033447	20079.178621724626	4917.607109908519	36460978
2740.8346931934357	620	16632.067488013345	3855.563069353429	20512.534088866334	2503.6689968344726	37082526
2784.6493792533875	630	15862.563824582561	4681.18391683129	20243.587690599205	2059.2121298438883	37687731
2828.01610827446	640	15993.401869224448	3485.605925242677	20887.05629811405	2465.5457798065977	38295185
2871.648916244507	650	16380.291494489271	3999.016155609437	20375.00130601744	3477.404175127481	38915690
2915.663681268692	660	17405.879504018674	2049.183592727449	19874.28513643356	9188.300430294721	39528177
2959.9218168258667	670	17107.66051155365	2751.553274013443	20053.505229320883	4655.752106360028	40153520
3003.5165243148804	680	17690.647486737358	1926.9825812633349	20144.13973005584	8330.101710059569	40770767
3047.661737680435	690	17388.27621924831	3197.323605086365	21263.11289472335	4216.053458562469	41389013
3091.278692007065	700	17479.289622378205	2678.4117550621913	20532.244569288912	3482.239827330186	42006144
3133.702410697937	710	18113.95521963352	1661.8506416551215	20450.85334394114	9202.626523779783	42623028
3177.766544818878	720	17255.160261620058	2921.093277722691	20053.9752326603	3860.4260173712337	43241365
3222.1945729255676	730	18259.948441936456	1314.0159078017796	20195.847241702453	13766.883950914324	43868860
3265.611903190613	740	17553.964841184206	2103.109574819997	20544.51467743047	5366.161267364536	44492002
3309.1323676109314	750	16832.67030744483	3050.272994496138	20079.681451637516	4315.512953015054	45117073
3353.528806209564	760	17849.6599783679	2135.4141162657384	19957.869180827627	4642.156123508702	45737682
3397.3385803699493	770	17434.10732671134	3092.993028157258	20475.013369431512	2194.171118737671	46352087
3441.0391075611115	780	17734.43172458248	2487.7217066360063	20578.093920258267	4441.038257879869	46964072
3484.1606929302216	790	18337.309519686416	2625.389917961118	20851.017965439012	4217.7505408264315	47567655
3528.132811307907	800	17661.26935111257	2657.519276435871	20929.804233668132	3390.3265108081882	48184799
3571.9678089618683	810	16202.715534212946	4521.321114998941	20839.921394553778	2633.59362780326	48782683
3615.3122007846832	820	15277.570815509933	5475.348687934146	21130.61820993839	1861.0607703169856	49369760
3659.1579620838165	830	15497.30480982864	4373.1684499246085	20740.110660255978	2025.0983948473106	49956483
3701.3241856098175	840	14371.155756502661	5601.698222955606	20806.073447026265	1864.9325494461305	50513656
3744.2911269664764	850	15923.108041683769	4982.53518845977	20860.428807418553	1826.8090742717186	51083869
3787.433468103409	860	15848.082829988769	4568.222583518447	20747.91914633118	3635.4225730596118	51661748
3831.2712829113007	870	17143.79816321936	3952.661293262897	21003.9361688901	3020.8341818240415	52261140
3874.198323249817	880	17059.907671477285	4228.865148650959	21340.79919123884	2335.0118992859007	52867284
3917.038159132004	890	16522.818484489355	4090.5905194808415	20409.156142286585	2235.2321182920714	53469742
3959.940325021744	900	17808.408288955485	3560.717478127693	21382.148912487115	4091.75787168399	54078577
4003.664780855179	910	16247.193534103946	3717.04174201928	21020.35527036577	3101.420199029414	54669951
4047.6001019477844	920	16817.472888454577	3698.2104863204822	21284.701148450047	2561.3367238408487	55264374
4090.3025934696198	930	15623.803738981183	4544.018459996977	20847.431376937955	2196.598264794383	55853618
4133.045691728592	940	15754.197015797958	4223.698679731793	20365.01573173059	4027.864328613492	56453841
4176.073854923248	950	15268.432133283946	4707.836769176051	20576.738201148164	3220.5634085933166	57041459
4219.067734718323	960	14270.331430863374	5334.117701788748	20312.425507210395	1699.9271622241279	57630945
4263.3156478405	970	15893.978078861053	4338.373659455916	20364.98492164013	2405.1402490029036	58208122
4306.49071764946	980	16566.624958405107	4172.641255245926	20498.829264428387	2717.4857972409245	58804060
4350.198073625565	990	15891.368811173708	4294.846261506775	21143.621992052307	3612.2571029796995	59408268
4394.215376615524	1000	16394.73817839168	4276.571284688528	20867.04123879697	3844.6886169966847	60011504
